13 16
0 2
1
1 1
1
1 10
1 1
1
1 9
2 65
1
0 1 97
1
0 1 98
1
0 1 99
1
0 1 100
1
0 1 101
1
0 1 102
1
0 1 103
1
0 1 104
1
0 1 105
1
0 1 106
1
0 1 107
1
0 1 108
1
0 1 109
1
0 1 110
1
0 1 111
1
0 1 112
1
0 1 113
1
0 1 114
1
0 1 115
1
0 1 116
1
0 1 117
1
0 1 118
1
0 1 119
1
0 1 120
1
0 1 121
1
0 1 122
1
0 1 65
1
0 1 66
1
0 1 67
1
0 1 68
1
0 1 69
1
0 1 70
1
0 1 71
1
0 1 72
1
0 1 73
1
0 1 74
1
0 1 75
1
0 1 76
1
0 1 77
1
0 1 78
1
0 1 79
1
0 1 80
1
0 1 81
1
0 1 82
1
0 1 83
1
0 1 84
1
0 1 85
1
0 1 86
1
0 1 87
1
0 1 88
1
0 1 89
1
0 1 90
1
0 1 48
1
0 1 49
1
0 1 50
1
0 1 51
1
0 1 52
1
0 1 53
1
0 1 54
1
0 1 55
1
0 1 56
1
0 1 57
1
0 1 32
1
0 1 46
1
0 1 59
3 2
1
1 7
2
1 7
1 3
4 1
3
0 1 34
1 12
0 1 34
5 1
0
6 1
2
1 8
1 3
7 10
1
0 1 48
1
0 1 49
1
0 1 50
1
0 1 51
1
0 1 52
1
0 1 53
1
0 1 54
1
0 1 55
1
0 1 56
1
0 1 57
8 2
1
0 1 45
1
1 5
9 1
5
0 1 91
1 4
0 2 44 32
1 4
0 1 93
10 1
1
0 4 110 117 108 108
11 2
1
1 2
1
1 15
12 2
1
1 5
2
1 11
1 12
13 1
21
0 1 123
0 10 32 34 99 111 117 110 116 114 121 34
0 2 58 32
1 4
0 1 32
0 1 44
0 13 32 34 112 111 112 117 108 97 116 105 111 110 34
0 2 58 32
1 6
0 1 32
0 1 44
0 18 32 34 112 101 114 99 101 110 116 95 114 101 116 105 114 101 100 34
0 2 58 32
1 14
0 1 32
0 1 44
0 16 32 34 104 101 97 100 95 111 102 95 115 116 97 116 101 34
0 2 58 32
1 0
0 1 32
0 1 125
14 2
2
1 8
1 3
4
1 8
1 3
0 1 46
1 3
15 1
1
0 2 92 34

